;n0;n1;n2;n3;n4;n5;n6;n7;n8;n9;n10;n11;n12;n13;n14;n15;n16;n17;n18;n19;n20;n21;n22;n23;n24;n25;n26;n27;n28;n29;n30;n31;n32;n33;n34;n35;n36;n37;n38;n39;n40;n41;n42;n43;n44;n45;n46;n47;n48;n49;n50;n51;n52;n53;n54;n55;n56;n57;n58;n59;n60;n61;n62;n63;n64;n65;n66;n67;n68;n69;n70;n71;n72;n73;n74;n75;n76;n77;n78;n79;n80;n81;n82;n83;n84;n85;n86;n87;n88;n89;n90;n91;n92;n93;n94;n95;n96;n97;n98;n99
n0;0;0;0;2.512211;16.116079;0;6.933688;0;0;0;0;22.004269;26.825867;21.389244;20.825544;0;5.164472;29.399906;26.977232;11.97389;0;0;27.512951;29.830606;15.070344;0;0;0;0;4.856073;0;23.373203;0;13.029061;3.870483;0;23.939524;0;6.142201;8.018587;0;0;0;20.890039;0;0;0;0;0;11.531393;7.006458;0;11.535943;6.736637;25.348562;0;0;0;19.602646;9.002263;0;27.312737;26.058168;0;0;13.417698;0;11.578849;0;16.843533;8.536028;0;0;13.704657;0;0;0;27.999914;27.495003;0;0;0;21.389931;0;0;0;27.268347;2.987973;0;26.193123;0;10.799385;0;0;0;0;16.504646;0;29.553574;0
n1;0;0;25.429405;21.772474;0;0;0;0;0;22.101742;0;0;2.543329;0;0;0;22.348686;11.791704;0;7.061639;0;0;0;23.549761;18.461771;0;0;11.228889;29.09346;9.791709;0;2.294823;0;15.006212;16.572071;16.811434;19.753525;0;11.357103;7.439319;0;16.747337;0;0;0;18.704626;5.223215;18.631191;28.400681;0;7.209994;16.277706;0;0;26.510311;0;11.129357;17.125132;0;13.692713;12.72501;24.517801;23.719732;19.909708;0;15.946756;0;0;0;25.472988;11.103895;0;0;0;0;20.603346;16.787071;25.503454;23.249237;0;29.96664;16.281837;0;0;20.00971;0;24.166214;0;8.04069;0;8.759928;26.946712;0;0;0;6.411518;0;22.155329;0;0
n2;0;25.429405;0;0;0;0;29.477705;0;5.645481;10.814287;18.165245;0;0;0;0;17.581587;27.272902;17.576345;23.024485;29.925331;18.674532;0;0;0;0;0;0;21.356256;0;0;26.742802;28.872671;13.43123;15.414061;0;0;0;24.750061;0;20.002192;11.049931;0;29.38489;7.437241;0;0;15.830528;16.423302;0;23.964207;0;0;0;21.859255;28.199869;0;0;0;19.09066;0;0;8.112259;29.428097;19.442001;0;21.409678;0;5.894343;18.484823;8.126656;27.43857;18.528624;0;0;27.942675;0;16.106997;3.002782;0;17.563694;9.206178;11.358145;0;29.887159;0;0;2.490308;0;0;0;22.194723;25.120487;0;0;0;3.100521;0;0;0;0
n3;2.512211;21.772474;0;0;10.830444;0;14.873699;0;0;0;12.151823;12.387711;0;0;0;0;0;21.353201;0;23.999098;0;3.191072;12.236055;11.240769;5.027417;25.45961;26.096935;0;9.655151;0;0;2.984193;20.279634;0;0;0;0;0;15.915314;0;6.311873;24.61113;0;5.465294;0;0;0;23.763836;23.612293;18.851189;6.522151;20.784883;13.070524;20.647867;0;4.041736;0;25.062141;7.830991;0;0;0;5.531583;15.856162;29.719023;0;0;8.832824;10.3824;0;0;7.065727;11.65819;8.648909;20.371805;28.200855;0;0;0;0;6.03564;7.410114;6.111417;0;0;0;7.446324;14.862809;24.905344;0;0;0;13.62601;0;4.646255;0;0;0;0;0
n4;16.116079;0;0;10.830444;0;0;0;0;0;0;23.047167;0;24.500227;0;21.511766;17.01548;3.649268;26.702721;0;0;0;21.565529;0;3.087365;0;0;0;0;0;0;0;0;28.023354;16.972393;29.742039;29.097717;20.628025;0;0;0;0;0;0;0;0;0;21.857857;0;0;0;28.415821;15.094707;11.389109;0;9.078463;24.93261;0;0;0;19.618608;20.252539;0;12.253319;18.109053;22.543072;18.601589;0;0;2.322187;11.894089;29.029779;0;0;13.089055;6.18594;0;18.492809;18.625801;21.646872;4.792641;0;0;17.963978;4.12107;0;16.416819;14.071216;28.162827;24.362413;0;0;23.467562;0;6.217019;21.876194;0;21.958555;0;0;0
n5;0;0;0;0;0;0;14.733803;21.499121;21.489866;0;0;2.56281;5.878894;10.812263;7.377912;15.730016;11.926631;0;25.648495;0;0;0;0;22.688326;6.441772;0;0;0;0;0;0;0;0;25.651852;5.214219;26.0331;0;26.19743;0;0;0;0;9.921928;2.453954;0;28.926439;23.683004;2.438046;19.337223;0;6.241898;0;4.74907;20.569969;10.68096;0;0;17.505281;8.7323;0;26.082081;0;29.966246;25.969845;0;0;0;22.711708;0;0;28.320076;23.201387;0;21.036163;0;0;0;0;0;0;0;0;0;8.455036;19.613321;0;0;0;0;12.207941;0;11.020859;4.62642;0;10.930799;0;0;0;0;25.273691
n6;6.933688;0;29.477705;14.873699;0;14.733803;0;25.323303;11.023562;27.829969;2.626132;20.902641;0;0;0;0;0;24.609468;0;22.016512;18.518459;21.311049;25.005552;0;19.884571;0;27.961569;12.423045;28.712658;0;26.665688;9.541853;0;0;20.982229;13.10487;25.651068;6.784896;0;19.120859;28.365589;3.674601;23.796198;19.49659;0;22.861952;0;25.89963;24.256098;16.474173;0;0;0;0;0;6.52518;0;13.123968;0;4.278645;0;0;24.135592;0;0;0;0;0;0;0;10.851166;25.426641;0;0;0;4.362823;0;0;0;22.544455;17.075762;0;24.084461;27.055592;10.772188;0;3.518126;12.283248;23.584267;0;3.304239;0;3.31608;0;0;0;0;0;0;24.17074
n7;0;0;0;0;0;21.499121;25.323303;0;15.36226;0;18.611582;8.780339;0;0;0;0;13.116995;0;0;0;8.876475;27.361221;25.037458;22.472198;17.163507;13.851239;23.870085;0;0;10.387183;29.199152;0;0;10.13133;0;21.740372;0;0;0;0;0;6.072176;0;15.573744;22.685863;20.628874;0;23.835657;0;0;23.503311;0;6.728279;27.954643;0;0;9.926087;7.42045;0;0;21.735283;0;29.568316;20.090818;17.173275;27.926853;0;0;7.421427;0;0;14.302402;0;0;0;20.497608;15.500647;0;0;16.492659;0;0;0;20.653788;0;0;0;0;11.365779;16.522121;18.063152;0;0;0;0;0;0;0;0;0
n8;0;0;5.645481;0;0;21.489866;11.023562;15.36226;0;0;0;17.299053;0;16.691998;13.856578;26.333782;29.761698;9.513156;0;0;0;0;24.246515;15.210507;0;18.131447;0;0;0;0;14.177079;19.864357;6.079866;27.744196;0;0;4.456777;0;12.121638;14.4736;29.946861;0;25.255852;0;25.343477;12.284408;4.485363;0;0;16.251156;0;0;0;19.711466;0;23.937273;22.853519;11.195876;0;0;4.666313;0;0;6.622779;0;0;0;17.47431;16.628347;0;0;0;7.208458;18.028692;0;0;26.661373;13.536285;24.142981;0;25.318937;17.673822;0;0;0;5.436476;12.623953;14.448112;0;14.515066;16.858358;5.140754;0;0;0;0;0;0;0;0
n9;0;22.101742;10.814287;0;0;0;27.829969;0;0;0;0;14.9954;10.057519;0;21.065462;0;0;8.56902;0;10.971823;23.158247;2.897976;0;25.73485;22.605047;0;8.162086;0;10.947218;29.201876;0;8.729208;23.001961;18.139954;26.214619;26.583782;11.372229;7.666815;0;0;7.882698;24.723799;0;27.478441;0;24.670994;0;14.171636;0;0;0;16.218582;23.902098;0;0;19.045355;0;23.916615;26.911184;0;0;0;18.345198;5.07971;29.173433;10.455885;0;9.558019;0;2.75445;0;10.480425;0;26.064638;17.662941;0;0;0;0;0;0;6.578885;0;29.179024;27.980776;28.363461;9.596502;5.418498;0;0;0;9.952229;0;6.10445;0;29.286871;0;28.879688;9.377888;5.998272
n10;0;0;18.165245;12.151823;23.047167;0;2.626132;18.611582;0;0;0;24.534132;4.058106;0;0;0;23.017231;3.060026;20.741713;0;2.050839;0;21.540369;0;4.750312;0;0;0;2.876354;14.534299;0;0;14.796537;22.688911;0;5.233344;0;27.778097;8.223816;7.298661;10.728324;29.329287;14.729806;13.624485;0;28.425901;22.073128;4.747446;0;8.143757;25.885666;0;0;0;0;0;7.821128;15.805011;18.474749;0;0;3.00391;0;23.922058;5.325332;0;23.870842;0;13.803646;0;17.601366;4.654043;0;8.568172;0;0;0;27.712816;0;0;0;14.211643;26.365921;0;0;0;0;0;0;0;18.679197;0;3.095658;0;15.161089;25.255001;15.578562;24.176105;29.255775;0
n11;22.004269;0;0;12.387711;0;2.56281;20.902641;8.780339;17.299053;14.9954;24.534132;0;0;0;28.308609;0;15.73078;0;14.214692;19.259785;0;0;23.315708;0;0;0;10.721223;5.257882;0;0;27.797152;22.171509;15.867948;0;0;0;0;0;3.545718;0;0;0;22.881094;20.706062;10.146239;0;0;0;0;23.501585;0;0;13.386347;0;10.965127;13.121011;0;0;25.086081;26.14456;29.974705;23.963367;24.312178;18.942898;0;4.482059;0;29.172525;23.215265;20.882183;0;14.028513;0;20.016548;0;22.060896;0;0;0;0;3.08021;14.703284;0;2.566276;20.754602;0;0;0;25.803503;17.47139;26.084673;4.178352;0;4.428652;4.167172;10.944973;0;28.591661;15.262762;0
n12;26.825867;2.543329;0;0;24.500227;5.878894;0;0;0;10.057519;4.058106;0;0;0;15.891742;0;13.618874;0;0;24.563505;0;0;0;0;14.718347;25.127695;0;0;0;15.971886;12.593371;8.60654;7.556074;28.435099;0;0;13.272735;15.785653;21.183897;0;28.837578;0;0;0;0;0;0;14.35605;0;0;0;10.920094;0;0;0;0;20.509077;22.964453;0;20.464966;0;7.944594;0;0;0;17.293043;27.374157;14.539811;0;0;0;0;0;0;0;0;19.705488;0;22.998499;4.72226;0;0;28.965525;17.316872;22.685452;0;0;0;0;21.795404;0;0;3.108977;3.614444;0;0;0;0;0;0
n13;21.389244;0;0;0;0;10.812263;0;0;16.691998;0;0;0;0;0;0;0;0;2.436153;0;0;22.590492;0;0;19.573103;0;0;0;0;27.741442;0;10.179373;24.952362;11.749389;0;18.823662;0;17.774282;0;0;0;0;0;2.316748;0;0;28.370943;0;0;0;14.78695;6.749818;0;0;0;0;22.739973;6.057696;0;0;27.980244;0;0;8.219593;0;0;0;3.316549;0;0;23.815084;0;0;0;0;0;0;0;9.167707;5.935699;16.911488;0;24.796947;17.85968;0;0;5.625084;28.424402;0;0;0;21.259188;0;0;28.516191;0;0;0;0;16.77507;22.053469
n14;20.825544;0;0;0;21.511766;7.377912;0;0;13.856578;21.065462;0;28.308609;15.891742;0;0;26.587006;0;0;6.968657;0;12.692925;4.672526;0;0;0;11.837246;0;0;13.992435;24.438789;16.845245;0;4.847527;0;0;0;21.289888;0;0;18.289471;10.484892;0;0;0;7.262111;3.612978;0;26.588335;0;24.972883;0;0;0;27.635508;0;0;0;23.20591;28.716578;16.857689;0;0;0;20.109585;0;0;0;0;0;0;0;0;23.459423;2.714013;0;5.188681;0;0;0;2.218536;29.353699;0;7.701275;25.156004;0;0;14.544468;0;17.078989;0;15.315251;0;0;0;0;0;23.003437;14.799185;15.75177;0
n15;0;0;17.581587;0;17.01548;15.730016;0;0;26.333782;0;0;0;0;0;26.587006;0;14.158853;0;0;0;0;0;0;0;0;6.090062;0;0;0;19.206722;14.416737;0;0;0;7.765129;10.369738;0;0;21.755171;0;7.006291;9.452394;17.242981;0;20.112597;0;0;0;28.521603;0;26.056801;26.460636;2.084102;0;12.742554;22.914736;16.205566;18.937296;0;17.045582;0;14.359878;0;12.269192;0;0;0;0;21.440912;0;0;0;8.623024;0;0;23.816833;0;0;0;28.932314;0;0;0;6.932469;24.20785;0;0;0;0;9.420382;4.250419;26.230198;29.403021;0;17.759422;26.366304;2.993591;0;0;0
n16;5.164472;22.348686;27.272902;0;3.649268;11.926631;0;13.116995;29.761698;0;23.017231;15.73078;13.618874;0;0;14.158853;0;0;0;0;27.422926;18.318262;0;0;0;0;21.598307;13.665042;0;0;11.439905;0;29.632929;0;0;0;6.689362;0;28.028885;0;11.194285;15.95202;0;3.99666;18.527966;0;27.911537;0;29.833435;7.737346;28.793322;19.152239;2.850392;0;23.803574;11.568988;25.714554;0;21.340586;0;0;0;0;0;0;24.179138;14.737795;0;0;0;25.267178;0;0;0;0;20.516556;0;4.625504;0;22.049946;0;6.602909;12.55621;0;12.991386;23.185423;25.2967;0;0;10.490751;0;0;15.107945;17.893415;0;0;0;20.591967;22.47043;0
n17;29.399906;11.791704;17.576345;21.353201;26.702721;0;24.609468;0;9.513156;8.56902;3.060026;0;0;2.436153;0;0;0;0;2.569706;0;0;25.283539;0;15.427363;12.672723;12.515833;17.218885;12.993198;0;4.765027;0;0;0;0;0;0;27.500677;15.691727;0;16.849304;20.175798;29.297905;0;0;8.747925;0;23.659515;7.88173;4.577466;0;0;12.852929;6.654157;14.089972;0;23.325289;25.634436;0;0;0;0;0;22.110971;0;0;20.87615;18.075573;0;17.956408;0;0;0;10.974177;8.011729;4.865773;0;11.725218;3.175521;10.045977;0;0;29.613804;19.338028;0;25.682701;27.053909;10.601198;0;0;0;21.080278;20.619301;0;0;16.865067;0;6.109087;25.075071;9.253534;0
n18;26.977232;0;23.024485;0;0;25.648495;0;0;0;0;20.741713;14.214692;0;0;6.968657;0;0;2.569706;0;17.279314;21.116602;20.781647;16.955776;19.673002;8.392425;0;27.919504;9.529099;0;9.107243;25.285784;0;23.633532;28.212915;0;0;0;0;0;7.862688;26.986835;0;0;0;0;0;5.475337;17.174599;0;0;14.222661;10.84905;0;0;0;29.305977;26.90242;0;25.976484;0;0;0;2.356725;2.662433;7.497739;0;3.873087;0;0;0;21.225044;0;0;0;0;3.798356;18.774878;0;28.164392;12.621728;5.020839;0;0;0;0;11.090919;0;0;0;13.168809;24.219601;0;0;0;21.79826;17.159513;16.875742;0;4.286656;0
n19;11.97389;7.061639;29.925331;23.999098;0;0;22.016512;0;0;10.971823;0;19.259785;24.563505;0;0;0;0;0;17.279314;0;0;0;6.296438;0;0;0;0;0;14.405167;5.107538;8.790674;14.585568;0;18.777145;0;0;23.448795;0;0;0;0;4.972796;0;22.01046;5.892389;0;9.524975;0;25.399527;0;23.580688;24.879683;18.430693;0;3.44436;14.35202;11.754888;6.028355;0;0;0;25.72438;0;0;0;24.460203;0;0;23.409426;0;0;24.00309;0;23.407522;16.744728;0;19.618425;22.200394;0;2.633913;0;6.962323;0;7.586259;7.806817;5.618037;2.824959;0;0;16.597471;0;0;0;20.966639;0;0;9.313996;0;23.078857;21.92065
n20;0;0;18.674532;0;0;0;18.518459;8.876475;0;23.158247;2.050839;0;0;22.590492;12.692925;0;27.422926;0;21.116602;0;0;2.751878;0;7.767055;0;0;0;6.331217;0;18.248594;0;21.999569;0;0;3.312206;0;19.279522;0;0;0;0;0;10.115217;0;0;0;0;17.067047;13.423344;0;25.540691;0;28.810326;13.388395;25.010761;0;0;0;0;0;0;26.738705;0;0;0;0;0;0;0;0;0;0;0;10.657496;0;0;0;0;0;4.886322;0;0;0;13.993672;0;6.40083;0;0;14.905135;0;0;5.533851;0;20.659561;9.234006;0;0;9.12134;24.087427;7.22178
n21;0;0;0;3.191072;21.565529;0;21.311049;27.361221;0;2.897976;0;0;0;0;4.672526;0;18.318262;25.283539;20.781647;0;2.751878;0;0;4.390481;26.531542;0;0;0;7.332837;0;0;25.597139;0;0;0;0;9.460059;0;0;19.284279;22.890539;6.179887;0;0;8.406856;0;28.701702;5.198189;0;0;0;0;29.658457;10.950402;24.132957;0;17.893423;0;2.015342;26.611317;0;0;0;0;26.482149;0;22.314316;0;2.014521;16.624361;14.668643;0;0;21.762047;23.898544;0;0;0;20.178663;7.47274;28.759954;28.809883;8.175123;0;27.13966;0;0;0;16.713778;0;10.676919;18.281374;0;8.911178;0;10.734737;0;21.960262;25.089437;0
n22;27.512951;0;0;12.236055;0;0;25.005552;25.037458;24.246515;0;21.540369;23.315708;0;0;0;0;0;0;16.955776;6.296438;0;0;0;29.917376;0;0;22.223228;26.673313;0;8.401904;0;0;21.61783;0;13.106691;0;7.34351;0;0;12.038504;0;29.697329;0;20.048752;2.875721;22.20293;0;17.897909;0;11.853374;0;23.363338;0;0;16.70397;0;0;5.04676;16.720591;12.448926;0;8.697106;0;7.295424;0;23.699677;16.486216;0;0;0;24.802034;0;0;5.534884;23.049646;12.057166;19.344608;0;0;26.745661;0;15.360903;0;20.848063;0;11.142971;8.771811;0;0;4.008771;0;0;0;0;0;0;0;5.920552;0;0
n23;29.830606;23.549761;0;11.240769;3.087365;22.688326;0;22.472198;15.210507;25.73485;0;0;0;19.573103;0;0;0;15.427363;19.673002;0;7.767055;4.390481;29.917376;0;0;0;0;3.968533;0;0;24.200291;14.28017;26.398325;17.012571;0;13.64712;4.506505;0;17.836586;4.014816;0;5.20152;14.604583;0;0;0;0;0;0;18.295214;0;0;0;0;6.986199;5.898784;15.116117;0;0;23.581671;0;18.695183;0;12.159111;0;8.375235;0;0;13.386954;24.485422;0;0;0;0;25.85799;2.740798;0;0;22.166126;21.938267;16.236361;8.511414;0;0;19.609938;10.961365;21.805353;10.488755;0;0;17.349838;0;15.835793;25.778532;3.149966;0;0;0;29.005838;0
n24;15.070344;18.461771;0;5.027417;0;6.441772;19.884571;17.163507;0;22.605047;4.750312;0;14.718347;0;0;0;0;12.672723;8.392425;0;0;26.531542;0;0;0;2.538145;5.838729;8.700067;0;16.634205;27.407452;9.119547;0;0;0;26.256184;4.805817;0;6.27401;0;22.492773;11.109965;0;0;29.629698;0;0;0;0;0;2.019745;0;0;29.380102;23.153063;9.650987;5.896962;0;0;0;9.56519;28.551294;0;21.256922;0;10.680928;0;0;0;18.522699;0;3.721261;0;0;25.514494;25.945921;0;11.694466;21.391813;15.672627;25.695721;21.456451;2.502552;0;0;0;16.261585;0;0;0;0;9.697656;0;28.198755;0;3.069976;0;18.120792;0;13.800334
n25;0;0;0;25.45961;0;0;0;13.851239;18.131447;0;0;0;25.127695;0;11.837246;6.090062;0;12.515833;0;0;0;0;0;0;2.538145;0;2.386861;19.794998;0;0;21.030176;0;28.083975;0;0;13.525369;8.635846;28.092392;11.910007;0;4.883072;21.058609;0;0;0;4.73549;10.002831;0;29.375225;0;0;6.121678;2.236159;23.997942;0;0;0;0;14.287504;0;0;7.555648;0;0;26.998463;0;5.001279;0;8.156429;0;14.859764;0;0;9.396168;28.386312;0;0;26.120094;0;27.13028;0;0;0;26.668692;0;13.257389;0;15.886005;0;3.533036;14.960684;20.866695;13.031676;0;0;22.387648;27.858793;9.112466;6.998621;7.786938
n26;0;0;0;26.096935;0;0;27.961569;23.870085;0;8.162086;0;10.721223;0;0;0;0;21.598307;17.218885;27.919504;0;0;0;22.223228;0;5.838729;2.386861;0;13.390344;16.578972;9.638442;6.26304;3.028131;7.104131;0;0;0;0;0;11.736047;0;0;0;28.649012;0;0;4.352282;12.464557;0;0;0;0;19.221727;0;0;0;0;0;0;0;28.077148;27.149975;0;0;9.525054;12.880865;8.795636;3.320437;0;16.371403;0;0;16.804707;22.654022;0;12.367245;0;11.981328;0;0;4.56284;0;13.873309;0;7.810873;14.525063;0;0;0;19.519955;0;0;16.933666;20.788088;0;0;0;0;4.248711;9.706201;6.624846
n27;0;11.228889;21.356256;0;0;0;12.423045;0;0;0;0;5.257882;0;0;0;0;13.665042;12.993198;9.529099;0;6.331217;0;26.673313;3.968533;8.700067;19.794998;13.390344;0;0;5.60451;16.09173;0;0;0;0;0;25.459146;14.741811;0;26.193605;0;11.924159;0;0;0;0;20.400871;8.488822;0;11.368314;0;0;17.945948;0;0;6.348541;26.984745;13.426205;7.944325;0;21.070631;0;12.633566;5.019485;22.51738;13.421185;0;17.517675;0;19.09804;0;0;17.991875;0;9.775928;0;8.054983;0;22.985928;24.727724;15.759193;0;0;18.290464;29.005247;18.134735;0;4.328973;0;4.410434;0;10.199703;28.540621;16.156752;0;7.105103;0;0;16.254589;0
n28;0;29.09346;0;9.655151;0;0;28.712658;0;0;10.947218;2.876354;0;0;27.741442;13.992435;0;0;0;0;14.405167;0;7.332837;0;0;0;0;16.578972;0;0;0;0;0;20.742569;0;15.113593;0;0;27.678898;0;0;8.218946;15.534095;0;5.20681;25.424736;17.605402;0;0;0;0;13.799015;0;25.592098;0;0;0;0;15.530575;0;25.307119;11.166802;0;3.841886;26.154537;0;11.900701;0;0;0;15.17744;4.446344;0;0;0;22.457115;0;15.607287;27.046049;0;0;7.96159;0;2.170184;0;15.707437;0;0;19.272169;0;0;20.139963;0;0;20.256536;0;6.732491;0;15.51729;0;0
n29;4.856073;9.791709;0;0;0;0;0;10.387183;0;29.201876;14.534299;0;15.971886;0;24.438789;19.206722;0;4.765027;9.107243;5.107538;18.248594;0;8.401904;0;16.634205;0;9.638442;5.60451;0;0;18.056953;23.600153;7.407025;0;8.576396;0;0;0;0;0;0;0;23.403591;0;0;0;0;21.384962;0;14.152029;0;0;20.281553;0;0;0;27.893938;13.473542;27.973297;21.372135;17.734772;24.980204;2.686977;0;0;23.508881;0;0;7.345827;0;0;0;0;25.325577;4.546168;12.64691;8.469064;0;0;0;0;8.03024;0;8.236929;0;12.052687;0;0;0;13.36656;8.708426;29.655388;10.67594;11.318674;29.202538;0;8.543451;12.881606;11.87447;0
n30;0;0;26.742802;0;0;0;26.665688;29.199152;14.177079;0;0;27.797152;12.593371;10.179373;16.845245;14.416737;11.439905;0;25.285784;8.790674;0;0;0;24.200291;27.407452;21.030176;6.26304;16.09173;0;18.056953;0;27.285433;20.56982;0;28.407965;0;0;0;0;0;0;11.489901;0;0;12.268235;22.354422;0;24.732094;3.968092;0;0;0;13.292346;0;0;0;0;19.743866;0;0;4.866915;26.580336;0;0;0;0;29.848051;29.786982;0;0;0;3.246833;10.423233;0;0;0;17.629549;2.703583;11.230992;0;24.421822;0;0;16.374868;2.995402;4.500655;0;0;18.822668;14.704847;0;0;0;0;5.961364;3.074824;0;0;4.874809;25.710846
n31;23.373203;2.294823;28.872671;2.984193;0;0;9.541853;0;19.864357;8.729208;0;22.171509;8.60654;24.952362;0;0;0;0;0;14.585568;21.999569;25.597139;0;14.28017;9.119547;0;3.028131;0;0;23.600153;27.285433;0;11.433803;0;0;4.827451;9.947283;9.376738;2.668907;0;6.459667;28.294767;0;0;0;13.774865;28.062223;5.248214;0;0;0;0;0;0;0;0;0;0;0;0;18.209793;29.953646;5.714491;23.130791;14.981028;0;0;0;13.829159;0;27.77816;0;0;0;16.562124;0;0;12.9395;28.185013;0;0;26.841516;9.030432;29.383356;0;0;0;5.741855;0;0;17.164251;18.29928;25.228891;0;8.53564;14.111499;0;0;0;16.658892
n32;0;0;13.43123;20.279634;28.023354;0;0;0;6.079866;23.001961;14.796537;15.867948;7.556074;11.749389;4.847527;0;29.632929;0;23.633532;0;0;0;21.61783;26.398325;0;28.083975;7.104131;0;20.742569;7.407025;20.56982;11.433803;0;0;0;0;0;0;28.181337;4.585209;13.326427;0;0;3.245397;0;0;0;8.83027;0;0;6.765114;0;0;20.655659;0;3.515625;0;0;0;20.566568;0;0;8.347219;19.155376;0;0;11.13553;25.242897;0;15.939665;9.155484;23.926294;10.147414;0;5.327292;2.777843;12.375574;0;0;0;2.65849;20.484213;0;4.863602;4.011104;8.86101;0;0;0;8.954628;0;4.272814;0;0;0;17.287033;23.835291;0;29.737879;0
n33;13.029061;15.006212;15.414061;0;16.972393;25.651852;0;10.13133;27.744196;18.139954;22.688911;0;28.435099;0;0;0;0;0;28.212915;18.777145;0;0;0;17.012571;0;0;0;0;0;0;0;0;0;0;0;15.222509;13.37382;26.116961;13.310942;0;6.911251;10.38225;17.248207;0;17.706688;0;24.259714;0;0;0;4.290211;5.112117;0;14.557073;0;0;0;27.236645;14.564039;0;0;0;7.014928;3.312637;0;0;0;0;28.93399;0;5.748791;0;0;0;6.84554;9.756081;2.237237;4.905334;0;0;0;0;12.125234;25.418827;24.478525;0;7.645982;0;0;18.827726;0;0;0;5.253322;0;0;10.669374;7.801226;0;2.403043
n34;3.870483;16.572071;0;0;29.742039;5.214219;20.982229;0;0;26.214619;0;0;0;18.823662;0;7.765129;0;0;0;0;3.312206;0;13.106691;0;0;0;0;0;15.113593;8.576396;28.407965;0;0;0;0;0;0;19.265749;0;0;0;10.532784;0;25.762068;5.817939;0;9.816998;15.275001;18.797474;5.408144;25.684355;3.476144;4.84346;24.138329;5.160656;0;0;0;0;29.194971;11.286264;27.136816;25.556973;0;10.872263;19.191105;21.203432;6.262047;0;0;9.313375;20.521748;19.907991;0;0;0;0;0;21.477613;0;7.30439;0;0;0;27.603983;0;9.868413;0;0;0;14.060752;0;0;0;21.576712;25.044594;0;23.223852;0;26.418644
n35;0;16.811434;0;0;29.097717;26.0331;13.10487;21.740372;0;26.583782;5.233344;0;0;0;0;10.369738;0;0;0;0;0;0;0;13.64712;26.256184;13.525369;0;0;0;0;0;4.827451;0;15.222509;0;0;0;7.12785;20.350948;3.039298;0;0;15.659941;16.515343;6.616482;13.671162;5.44135;0;22.787027;0;0;20.043344;0;0;9.703279;0;0;0;26.075594;0;21.253208;0;22.152262;0;0;0;0;0;0;0;28.08198;0;0;11.093294;7.340309;21.855022;0;29.127008;0;22.869501;0;0;0;0;0;13.225435;0;18.899092;0;0;18.199697;28.1159;0;22.707476;0;5.485675;0;15.43567;4.670295;0
n36;23.939524;19.753525;0;0;20.628025;0;25.651068;0;4.456777;11.372229;0;0;13.272735;17.774282;21.289888;0;6.689362;27.500677;0;23.448795;19.279522;9.460059;7.34351;4.506505;4.805817;8.635846;0;25.459146;0;0;0;9.947283;0;13.37382;0;0;0;0;14.632023;0;0;0;0;27.248737;0;0;22.998724;2.441145;0;0;0;0;0;0;10.900208;0;0;0;13.587568;24.125412;18.629768;23.339394;26.080811;14.583499;9.1867;0;6.117371;25.074938;0;0;0;19.276625;0;0;0;0;0;0;0;0;26.279694;27.500216;0;9.421518;0;0;29.244808;0;0;0;0;26.464352;7.082925;20.809662;27.325338;24.04731;17.595448;26.464176;0;0
n37;0;0;24.750061;0;0;26.19743;6.784896;0;0;7.666815;27.778097;0;15.785653;0;0;0;0;15.691727;0;0;0;0;0;0;0;28.092392;0;14.741811;27.678898;0;0;9.376738;0;26.116961;19.265749;7.12785;0;0;0;0;0;8.778767;6.296981;23.375345;0;3.60589;0;18.214907;27.855618;0;0;0;10.911205;19.634468;0;0;0;0;20.576134;0;6.794868;0;0;0;4.743551;0;6.320621;5.589955;0;2.777631;0;0;0;0;0;23.646608;0;0;0;0;7.395164;18.26705;10.972528;14.525418;0;0;0;0;12.996431;0;16.409403;0;0;28.631643;0;0;0;28.907345;29.87171;0
n38;6.142201;11.357103;0;15.915314;0;0;0;0;12.121638;0;8.223816;3.545718;21.183897;0;0;21.755171;28.028885;0;0;0;0;0;0;17.836586;6.27401;11.910007;11.736047;0;0;0;0;2.668907;28.181337;13.310942;0;20.350948;14.632023;0;0;0;11.858501;0;15.19281;9.281095;0;0;0;12.596726;6.945287;16.697552;0;28.773354;0;20.141827;0;25.329296;0;0;0;28.205368;0;0;0;0;24.624346;10.823164;0;0;0;0;0;0;12.598838;23.402304;25.437532;0;2.168988;0;18.549564;28.102192;0;0;0;9.981344;2.829096;29.305237;7.865416;0;20.096039;0;0;19.871334;15.16925;0;27.243263;22.627337;14.342058;22.513212;0;11.613543
n39;8.018587;7.439319;20.002192;0;0;0;19.120859;0;14.4736;0;7.298661;0;0;0;18.289471;0;0;16.849304;7.862688;0;0;19.284279;12.038504;4.014816;0;0;0;26.193605;0;0;0;0;4.585209;0;0;3.039298;0;0;0;0;0;0;0;22.829296;22.704342;8.772293;26.310909;0;19.847763;14.782624;0;21.815533;0;0;0;24.566032;0;0;0;10.146468;23.397253;28.120621;0;0;0;2.131916;13.441477;25.416109;0;0;0;0;25.271326;0;17.561338;0;15.174684;7.119987;4.714401;0;21.761856;0;21.0298;0;16.397825;23.300911;0;0;8.237197;0;0;14.657964;0;0;0;0;24.368999;0;0;0
n40;0;0;11.049931;6.311873;0;0;28.365589;0;29.946861;7.882698;10.728324;0;28.837578;0;10.484892;7.006291;11.194285;20.175798;26.986835;0;0;22.890539;0;0;22.492773;4.883072;0;0;8.218946;0;0;6.459667;13.326427;6.911251;0;0;0;0;11.858501;0;0;22.172325;23.556696;19.756269;0;8.771854;9.748754;0;0;0;0;0;19.995354;2.989343;0;0;0;2.247269;0;21.088049;0;22.562012;11.95799;7.057472;0;29.299971;0;29.074686;0;0;0;0;12.433299;8.575271;0;0;0;21.046265;0;0;0;0;0;2.53084;21.260635;0;0;0;9.006609;0;0;0;0;0;0;0;0;0;0;0
n41;0;16.747337;0;24.61113;0;0;3.674601;6.072176;0;24.723799;29.329287;0;0;0;0;9.452394;15.95202;29.297905;0;4.972796;0;6.179887;29.697329;5.20152;11.109965;21.058609;0;11.924159;15.534095;0;11.489901;28.294767;0;10.38225;10.532784;0;0;8.778767;0;0;22.172325;0;0;0;0;0;0;23.900642;0;24.42448;6.504177;0;16.406578;11.384233;0;0;10.236442;23.29521;19.439924;26.172045;0;0;17.112585;0;0;0;0;8.149914;0;0;0;27.033396;22.06192;13.476933;0;0;0;0;0;0;29.855776;22.768326;0;25.023758;0;0;0;0;14.421185;0;0;0;0;0;13.948938;25.454079;0;0;27.656237;10.274005
n42;0;0;29.38489;0;0;9.921928;23.796198;0;25.255852;0;14.729806;22.881094;0;2.316748;0;17.242981;0;0;0;0;10.115217;0;0;14.604583;0;0;28.649012;0;0;23.403591;0;0;0;17.248207;0;15.659941;0;6.296981;15.19281;0;23.556696;0;0;0;4.813478;0;19.880964;21.760464;0;2.575846;0;0;0;17.961739;0;0;0;0;11.536418;13.022242;0;0;0;15.248592;0;0;0;10.473243;0;0;0;0;5.529922;7.94206;29.221491;0;0;0;0;24.187147;24.747141;0;22.566496;0;8.011715;0;0;0;0;24.30566;20.166101;0;0;0;0;0;21.096588;10.301926;28.757042;0
n43;20.890039;0;7.437241;5.465294;0;2.453954;19.49659;15.573744;0;27.478441;13.624485;20.706062;0;0;0;0;3.99666;0;0;22.01046;0;0;20.048752;0;0;0;0;0;5.20681;0;0;0;3.245397;0;25.762068;16.515343;27.248737;23.375345;9.281095;22.829296;19.756269;0;0;0;0;0;0;0;0;4.329855;0;0;6.355098;0;0;27.63921;8.107632;7.379976;27.100288;0;5.91749;0;0;0;0;0;14.061693;4.200359;0;0;17.431276;0;28.904589;22.641468;0;20.675123;14.628999;20.028395;0;0;0;0;0;0;16.931643;24.589933;5.744761;0;0;7.924622;0;8.673227;19.251648;0;0;15.54985;0;0;11.539268;0
n44;0;0;0;0;0;0;0;22.685863;25.343477;0;0;10.146239;0;0;7.262111;20.112597;18.527966;8.747925;0;5.892389;0;8.406856;2.875721;0;29.629698;0;0;0;25.424736;0;12.268235;0;0;17.706688;5.817939;6.616482;0;0;0;22.704342;0;0;4.813478;0;0;0;0;3.81052;0;10.604007;22.997519;9.227858;0;0;28.07712;0;0;27.800852;25.462196;19.343391;7.536892;0;0;0;0;0;5.375239;0;23.487724;0;0;22.986593;20.294016;0;0;14.011712;0;0;0;0;0;10.81142;13.323103;0;0;8.911736;20.376835;0;2.686254;14.258447;3.928026;3.563928;0;0;17.089205;0;0;15.095783;21.661779;0
n45;0;18.704626;0;0;0;28.926439;22.861952;20.628874;12.284408;24.670994;28.425901;0;0;28.370943;3.612978;0;0;0;0;0;0;0;22.20293;0;0;4.73549;4.352282;0;17.605402;0;22.354422;13.774865;0;0;0;13.671162;0;3.60589;0;8.772293;8.771854;0;0;0;0;0;0;0;17.723619;21.807281;3.563999;0;0;28.636404;0;29.83157;4.598643;0;22.462822;0;9.717553;24.925055;0;0;0;7.036926;23.982565;0;0;0;0;0;22.713909;4.345513;2.102441;16.061935;0;18.908539;25.566223;0;0;0;0;22.361216;26.178541;18.894064;0;0;10.26212;12.387274;0;25.641178;0;21.236429;9.779394;0;0;0;27.08703;0
n46;0;5.223215;15.830528;0;21.857857;23.683004;0;0;4.485363;0;22.073128;0;0;0;0;0;27.911537;23.659515;5.475337;9.524975;0;28.701702;0;0;0;10.002831;12.464557;20.400871;0;0;0;28.062223;0;24.259714;9.816998;5.44135;22.998724;0;0;26.310909;9.748754;0;19.880964;0;0;0;0;25.376286;0;0;0;10.885682;16.659805;27.367239;0;0;6.665929;4.821149;18.130568;19.176962;3.28193;12.034217;18.434368;0;0;13.814166;0;21.638147;16.422754;0;0;19.68214;0;0;0;0;0;17.421425;9.306024;0;0;23.243526;0;0;0;0;12.888198;26.142389;22.550135;0;4.126085;0;0;0;0;29.504475;9.248669;0;21.171352;0
n47;0;18.631191;16.423302;23.763836;0;2.438046;25.89963;23.835657;0;14.171636;4.747446;0;14.35605;0;26.588335;0;0;7.88173;17.174599;0;17.067047;5.198189;17.897909;0;0;0;0;8.488822;0;21.384962;24.732094;5.248214;8.83027;0;15.275001;0;2.441145;18.214907;12.596726;0;0;23.900642;21.760464;0;3.81052;0;25.376286;0;0;0;0;13.914807;21.807629;9.890457;0;0;0;0;11.31299;0;0;0;0;0;23.333498;0;0;0;0;0;4.795959;0;0;14.6257;0;9.095737;0;25.155464;28.897009;0;10.632067;25.792992;0;27.64469;10.032783;0;0;0;0;14.030464;0;0;0;0;0;24.220137;0;6.881859;18.88722;2.013353
n48;0;28.400681;0;23.612293;0;19.337223;24.256098;0;0;0;0;0;0;0;0;28.521603;29.833435;4.577466;0;25.399527;13.423344;0;0;0;0;29.375225;0;0;0;0;3.968092;0;0;0;18.797474;22.787027;0;27.855618;6.945287;19.847763;0;0;0;0;0;17.723619;0;0;0;20.256971;0;0;0;0;0;23.511169;18.206448;0;3.877964;0;0;16.807764;0;15.685879;16.460611;0;0;0;21.453554;0;12.570891;0;27.736563;0;0;25.218695;0;28.060364;0;14.970482;8.456474;0;26.333527;12.760856;16.413614;0;0;0;13.952478;25.890261;0;5.413446;12.284154;15.7433;0;0;14.41187;13.50509;0;0
n49;11.531393;0;23.964207;18.851189;0;0;16.474173;0;16.251156;0;8.143757;23.501585;0;14.78695;24.972883;0;7.737346;0;0;0;0;0;11.853374;18.295214;0;0;0;11.368314;0;14.152029;0;0;0;0;5.408144;0;0;0;16.697552;14.782624;0;24.42448;2.575846;4.329855;10.604007;21.807281;0;0;20.256971;0;0;0;0;0;9.061014;12.133334;4.801645;5.949154;0;0;0;0;0;0;0;0;14.635111;0;4.720768;11.884267;0;23.453835;0;0;0;0;0;0;0;11.963355;0;14.022051;0;0;25.320675;19.596268;10.995376;0;0;0;0;12.356861;13.441739;0;4.718241;10.382021;17.022181;0;7.68354;5.968644
n50;7.006458;7.209994;0;6.522151;28.415821;6.241898;0;23.503311;0;0;25.885666;0;0;6.749818;0;26.056801;28.793322;0;14.222661;23.580688;25.540691;0;0;0;2.019745;0;0;0;13.799015;0;0;0;6.765114;4.290211;25.684355;0;0;0;0;0;0;6.504177;0;0;22.997519;3.563999;0;0;0;0;0;15.554743;21.012178;5.511889;18.46981;0;0;0;0;0;0;0;0;0;0;29.769478;29.670599;0;0;0;27.882488;8.332762;15.743272;0;0;13.190788;16.469917;0;0;9.179181;0;0;8.369453;0;11.238481;0;15.375284;27.473661;24.158251;0;11.535494;12.237949;0;0;25.292803;0;0;0;0;0
n51;0;16.277706;0;20.784883;15.094707;0;0;0;0;16.218582;0;0;10.920094;0;0;26.460636;19.152239;12.852929;10.84905;24.879683;0;0;23.363338;0;0;6.121678;19.221727;0;0;0;0;0;0;5.112117;3.476144;20.043344;0;0;28.773354;21.815533;0;0;0;0;9.227858;0;10.885682;13.914807;0;0;15.554743;0;0;13.682199;0;22.316904;27.268118;0;13.56074;0;0;0;16.265125;0;8.406313;0;0;0;0;19.508404;11.103235;8.98272;6.426972;9.635422;0;0;10.392163;19.97237;0;0;0;12.501972;0;29.026335;0;0;0;0;0;0;18.283667;0;0;0;0;20.997789;20.752995;27.026781;0;16.54904
n52;11.535943;0;0;13.070524;11.389109;4.74907;0;6.728279;0;23.902098;0;13.386347;0;0;0;2.084102;2.850392;6.654157;0;18.430693;28.810326;29.658457;0;0;0;2.236159;0;17.945948;25.592098;20.281553;13.292346;0;0;0;4.84346;0;0;10.911205;0;0;19.995354;16.406578;0;6.355098;0;0;16.659805;21.807629;0;0;21.012178;0;0;19.785746;7.980356;0;8.939877;19.147066;3.14057;0;0;0;0;0;11.030798;0;0;0;0;4.97281;24.017826;0;0;0;0;27.227859;2.404948;0;0;27.177231;9.155239;0;6.369598;17.431896;0;0;0;0;11.438618;16.74176;18.564413;21.590376;22.132706;23.542894;0;29.781885;0;0;0;4.967796
n53;6.736637;0;21.859255;20.647867;0;20.569969;0;27.954643;19.711466;0;0;0;0;0;27.635508;0;0;14.089972;0;0;13.388395;10.950402;0;0;29.380102;23.997942;0;0;0;0;0;0;20.655659;14.557073;24.138329;0;0;19.634468;20.141827;0;2.989343;11.384233;17.961739;0;0;28.636404;27.367239;9.890457;0;0;5.511889;13.682199;19.785746;0;0;21.685173;0;0;0;0;0;0;0;0;7.339518;26.608963;12.041278;20.64369;0;10.136702;0;25.467846;0;0;25.497316;0;0;2.885639;0;3.881553;0;0;3.483567;0;23.174778;0;17.314548;21.539101;0;28.948708;6.853431;0;0;20.105417;26.142002;29.693045;0;0;0;0
n54;25.348562;26.510311;28.199869;0;9.078463;10.68096;0;0;0;0;0;10.965127;0;0;0;12.742554;23.803574;0;0;3.44436;25.010761;24.132957;16.70397;6.986199;23.153063;0;0;0;0;0;0;0;0;0;5.160656;9.703279;10.900208;0;0;0;0;0;0;0;28.07712;0;0;0;0;9.061014;18.46981;0;7.980356;0;0;25.88802;11.69269;10.811535;0;13.685091;0;0;7.914658;0;19.891392;0;0;0;8.146333;27.726135;5.278194;5.626329;0;0;0;3.631604;29.688339;0;0;4.629725;19.727596;3.112253;0;29.627308;0;0;0;7.443701;4.332531;4.613421;0;0;10.184206;13.062713;9.001179;28.033796;23.588346;11.291089;0;9.278549
n55;0;0;0;4.041736;24.93261;0;6.52518;0;23.937273;19.045355;0;13.121011;0;22.739973;0;22.914736;11.568988;23.325289;29.305977;14.35202;0;0;0;5.898784;9.650987;0;0;6.348541;0;0;0;0;3.515625;0;0;0;0;0;25.329296;24.566032;0;0;0;27.63921;0;29.83157;0;0;23.511169;12.133334;0;22.316904;0;21.685173;25.88802;0;0;24.070402;0;0;20.571434;0;0;0;3.459573;17.884371;12.185765;0;24.589445;24.143574;0;2.928493;23.964479;0;0;0;0;0;24.585772;18.145441;0;0;26.67474;0;0;6.728122;0;6.474912;0;12.693002;0;0;4.731735;10.125604;5.622903;0;3.745809;29.647881;0;23.367233
n56;0;11.129357;0;0;0;0;0;9.926087;22.853519;0;7.821128;0;20.509077;6.057696;0;16.205566;25.714554;25.634436;26.90242;11.754888;0;17.893423;0;15.116117;5.896962;0;0;26.984745;0;27.893938;0;0;0;0;0;0;0;0;0;0;0;10.236442;0;8.107632;0;4.598643;6.665929;0;18.206448;4.801645;0;27.268118;8.939877;0;11.69269;0;0;0;9.579075;6.45821;4.42857;0;0;10.040231;0;0;10.591745;0;24.783178;2.363269;0;6.683211;19.123478;0;9.408846;0;16.822948;0;7.597383;0;0;27.462566;0;0;0;0;0;0;0;9.134414;17.625862;0;0;0;7.259962;0;7.086895;26.784821;0;27.621222
n57;0;17.125132;0;25.062141;0;17.505281;13.123968;7.42045;11.195876;23.916615;15.805011;0;22.964453;0;23.20591;18.937296;0;0;0;6.028355;0;0;5.04676;0;0;0;0;13.426205;15.530575;13.473542;19.743866;0;0;27.236645;0;0;0;0;0;0;2.247269;23.29521;0;7.379976;27.800852;0;4.821149;0;0;5.949154;0;0;19.147066;0;10.811535;24.070402;0;0;0;0;0;0;0;0;0;0;22.145617;25.842285;6.142666;16.942612;11.156867;0;16.105177;0;10.387597;0;0;0;0;0;4.760215;27.054193;2.452365;0;0;0;3.361213;19.324905;27.538399;18.188381;0;2.74069;5.846947;10.686497;20.302593;11.965286;21.674555;0;0;20.430277
n58;19.602646;0;19.09066;7.830991;0;8.7323;0;0;0;26.911184;18.474749;25.086081;0;0;28.716578;0;21.340586;0;25.976484;0;0;2.015342;16.720591;0;0;14.287504;0;7.944325;0;27.973297;0;0;0;14.564039;0;26.075594;13.587568;20.576134;0;0;0;19.439924;11.536418;27.100288;25.462196;22.462822;18.130568;11.31299;3.877964;0;0;13.56074;3.14057;0;0;0;9.579075;0;0;0;7.648183;0;0;0;0;6.512792;0;0;0;27.906752;0;6.283633;0;3.64707;0;0;0;0;9.801467;0;0;2.752744;0;0;0;12.598156;6.608914;0;4.46806;20.585611;0;0;8.720984;0;18.476685;16.85284;0;0;0;0
n59;9.002263;13.692713;0;0;19.618608;0;4.278645;0;0;0;0;26.14456;20.464966;27.980244;16.857689;17.045582;0;0;0;0;0;26.611317;12.448926;23.581671;0;0;28.077148;0;25.307119;21.372135;0;0;20.566568;0;29.194971;0;24.125412;0;28.205368;10.146468;21.088049;26.172045;13.022242;0;19.343391;0;19.176962;0;0;0;0;0;0;0;13.685091;0;6.45821;0;0;0;0;0;0;0;0;29.868063;0;0;0;25.447159;0;0;4.831158;0;0;26.954172;0;10.27684;0;19.440323;0;10.345311;0;18.581718;23.931406;24.617895;0;0;0;0;7.307239;0;0;0;28.559885;16.341379;0;0;0;8.074962
n60;0;12.72501;0;0;20.252539;26.082081;0;21.735283;4.666313;0;0;29.974705;0;0;0;0;0;0;0;0;0;0;0;0;9.56519;0;27.149975;21.070631;11.166802;17.734772;4.866915;18.209793;0;0;11.286264;21.253208;18.629768;6.794868;0;23.397253;0;0;0;5.91749;7.536892;9.717553;3.28193;0;0;0;0;0;0;0;0;20.571434;4.42857;0;7.648183;0;0;0;11.744921;28.170298;0;0;0;0;0;28.412338;8.606985;0;0;0;0;0;0;0;0;0;15.193416;13.069876;0;25.665287;2.375194;0;26.037832;0;0;21.11326;6.993147;3.267449;10.124086;0;12.215799;20.247126;0;25.006226;4.122188;0
n61;27.312737;24.517801;8.112259;0;0;0;0;0;0;0;3.00391;23.963367;7.944594;0;0;14.359878;0;0;0;25.72438;26.738705;0;8.697106;18.695183;28.551294;7.555648;0;0;0;24.980204;26.580336;29.953646;0;0;27.136816;0;23.339394;0;0;28.120621;22.562012;0;0;0;0;24.925055;12.034217;0;16.807764;0;0;0;0;0;0;0;0;0;0;0;0;0;0;24.924843;11.353585;0;0;16.446606;0;0;0;0;0;8.808736;6.968533;16.332258;6.630538;17.549835;0;0;0;6.906616;14.531016;12.296571;0;0;0;4.042874;28.237696;20.810198;0;27.401545;0;17.733635;0;5.980634;12.68735;19.944693;5.869655;10.840654
n62;26.058168;23.719732;29.428097;5.531583;12.253319;29.966246;24.135592;29.568316;0;18.345198;0;24.312178;0;8.219593;0;0;0;22.110971;2.356725;0;0;0;0;0;0;0;0;12.633566;3.841886;2.686977;0;5.714491;8.347219;7.014928;25.556973;22.152262;26.080811;0;0;0;11.95799;17.112585;0;0;0;0;18.434368;0;0;0;0;16.265125;0;0;7.914658;0;0;0;0;0;11.744921;0;0;0;21.165449;0;0;13.585201;0;3.174301;8.526409;6.875944;8.238663;0;0;0;14.609327;0;0;0;20.474257;11.221435;18.491085;11.304777;12.968602;22.538309;13.183362;0;0;0;0;0;23.829155;0;0;28.168682;0;8.241389;27.234314;8.593128
n63;0;19.909708;19.442001;15.856162;18.109053;25.969845;0;20.090818;6.622779;5.07971;23.922058;18.942898;0;0;20.109585;12.269192;0;0;2.662433;0;0;0;7.295424;12.159111;21.256922;0;9.525054;5.019485;26.154537;0;0;23.130791;19.155376;3.312637;0;0;14.583499;0;0;0;7.057472;0;15.248592;0;0;0;0;0;15.685879;0;0;0;0;0;0;0;10.040231;0;0;0;28.170298;24.924843;0;0;7.545968;0;0;27.972198;0;5.463866;2.056921;14.323865;9.64925;0;0;19.064522;0;0;7.96292;28.250732;0;0;0;13.899386;0;0;0;24.101336;21.146566;0;20.92507;0;9.707825;0;23.0879;0;0;8.383018;0;0
n64;0;0;0;29.719023;22.543072;0;0;17.173275;0;29.173433;5.325332;0;0;0;0;0;0;0;7.497739;0;0;26.482149;0;0;0;26.998463;12.880865;22.51738;0;0;0;14.981028;0;0;10.872263;0;9.1867;4.743551;24.624346;0;0;0;0;0;0;0;0;23.333498;16.460611;0;0;8.406313;11.030798;7.339518;19.891392;3.459573;0;0;0;0;0;11.353585;21.165449;7.545968;0;25.36108;0;26.52313;0;6.815909;26.685005;7.905217;15.940755;0;5.173255;0;0;7.6467;19.298124;6.102073;0;26.073042;0;9.684633;27.867786;0;0;3.908987;0;0;9.672769;0;0;5.902932;0;29.72224;0;0;12.079032;0
n65;13.417698;15.946756;21.409678;0;18.601589;0;0;27.926853;0;10.455885;0;4.482059;17.293043;0;0;0;24.179138;20.87615;0;24.460203;0;0;23.699677;8.375235;10.680928;0;8.795636;13.421185;11.900701;23.508881;0;0;0;0;19.191105;0;0;0;10.823164;2.131916;29.299971;0;0;0;0;7.036926;13.814166;0;0;0;29.769478;0;0;26.608963;0;17.884371;0;0;6.512792;29.868063;0;0;0;0;25.36108;0;28.067053;0;0;3.036492;0;0;16.505041;11.151676;0;5.30307;0;0;22.420677;15.842279;0;14.189821;26.048021;0;0;10.804543;0;0;24.042599;0;0;4.675689;18.122046;0;0;0;0;0;19.360014;22.844793
n66;0;0;0;0;0;0;0;0;0;0;23.870842;0;27.374157;3.316549;0;0;14.737795;18.075573;3.873087;0;0;22.314316;16.486216;0;0;5.001279;3.320437;0;0;0;29.848051;0;11.13553;0;21.203432;0;6.117371;6.320621;0;13.441477;0;0;0;14.061693;5.375239;23.982565;0;0;0;14.635111;29.670599;0;0;12.041278;0;12.185765;10.591745;22.145617;0;0;0;0;0;0;0;28.067053;0;20.739037;19.425531;0;0;23.421965;21.912294;0;29.327066;0;0;0;0;0;0;8.001629;0;19.991831;0;0;29.158926;20.366385;23.985001;13.205842;0;0;4.601518;12.702067;10.336731;28.850876;0;11.956311;0;16.138885
n67;11.578849;0;5.894343;8.832824;0;22.711708;0;0;17.47431;9.558019;0;29.172525;14.539811;0;0;0;0;0;0;0;0;0;0;0;0;0;0;17.517675;0;0;29.786982;0;25.242897;0;6.262047;0;25.074938;5.589955;0;25.416109;29.074686;8.149914;10.473243;4.200359;0;0;21.638147;0;0;0;0;0;0;20.64369;0;0;0;25.842285;0;0;0;16.446606;13.585201;27.972198;26.52313;0;20.739037;0;26.329868;0;0;26.33712;5.248204;29.954571;9.945195;15.724822;0;0;21.843813;0;26.690998;21.31502;13.558111;0;0;0;27.046787;0;22.930882;0;0;11.203659;0;0;2.175072;0;0;18.140629;0;0
n68;0;0;18.484823;10.3824;2.322187;0;0;7.421427;16.628347;0;13.803646;23.215265;0;0;0;21.440912;0;17.956408;0;23.409426;0;2.014521;0;13.386954;0;8.156429;16.371403;0;0;7.345827;0;13.829159;0;28.93399;0;0;0;0;0;0;0;0;0;0;23.487724;0;16.422754;0;21.453554;4.720768;0;0;0;0;8.146333;24.589445;24.783178;6.142666;0;0;0;0;0;0;0;0;19.425531;26.329868;0;26.396458;14.764413;0;0;28.320383;24.901537;0;0;0;6.512208;9.428904;0;0;0;0;28.452921;0;0;0;0;3.439811;0;3.192244;11.167997;0;0;0;0;3.971242;0;0
n69;16.843533;25.472988;8.126656;0;11.894089;0;0;0;0;2.75445;0;20.882183;0;23.815084;0;0;0;0;0;0;0;16.624361;0;24.485422;18.522699;0;0;19.09804;15.17744;0;0;0;15.939665;0;0;0;0;2.777631;0;0;0;0;0;0;0;0;0;0;0;11.884267;0;19.508404;4.97281;10.136702;27.726135;24.143574;2.363269;16.942612;27.906752;25.447159;28.412338;0;3.174301;5.463866;6.815909;3.036492;0;0;26.396458;0;9.009767;0;0;0;8.869229;0;21.354208;0;12.21769;6.337863;0;12.686964;0;0;25.330519;0;16.797579;0;28.178471;0;0;0;0;17.532503;9.265029;14.38146;0;26.274702;28.5725;0
n70;8.536028;11.103895;27.43857;0;29.029779;28.320076;10.851166;0;0;0;17.601366;0;0;0;0;0;25.267178;0;21.225044;0;0;14.668643;24.802034;0;0;14.859764;0;0;4.446344;0;0;27.77816;9.155484;5.748791;9.313375;28.08198;0;0;0;0;0;0;0;17.431276;0;0;0;4.795959;12.570891;0;27.882488;11.103235;24.017826;0;5.278194;0;0;11.156867;0;0;8.606985;0;8.526409;2.056921;26.685005;0;0;0;14.764413;9.009767;0;0;2.097085;0;29.351229;0;0;0;9.674136;0;0;0;0;0;0;7.756557;0;0;29.948187;0;0;0;17.697887;0;0;0;0;0;0;0
n71;0;0;18.528624;7.065727;0;23.201387;25.426641;14.302402;0;10.480425;4.654043;14.028513;0;0;0;0;0;0;0;24.00309;0;0;0;0;3.721261;0;16.804707;0;0;0;3.246833;0;23.926294;0;20.521748;0;19.276625;0;0;0;0;27.033396;0;0;22.986593;0;19.68214;0;0;23.453835;8.332762;8.98272;0;25.467846;5.626329;2.928493;6.683211;0;6.283633;0;0;0;6.875944;14.323865;7.905217;0;23.421965;26.33712;0;0;0;0;0;18.359812;8.119617;0;0;11.307679;8.46055;16.276432;0;0;29.604841;16.073565;12.380698;2.869049;3.674843;0;0;0;0;22.035219;0;0;0;24.688324;0;0;21.952721;17.506838
